36  109  79  28  186  129  12  55  62  76  81  29  92  67  110  71  71  86  104  45  166  82  159  145  20  99  105  180  137  108  153  57  125  87  88  81  43  49  115  21  109  92  145  56  133  67  34  115  96  89  136  105  187  81  151  137  181  103  51  128  114  36  102  121  114  30  118  83  59  43  58  134  52  146  57  101  46  
58  136  132  83  104  28  98  86  43  109  143  131  91  121  93  78  184  79  127  78  84  141  112  68  107  112  102  107  17  83  62  83  125  155  131  84  79  56  102  154  93  67  39  102  104  17  141  133  132  40  36  61  172  72  80  157  150  73  52  82  150  160  98  110  99  57  143  111  17  75  137  91  144  130  65  100  89  
108  145  109  168  6  97  105  141  171  119  84  127  101  48  79  81  106  36  86  121  26  6  146  31  140  39  114  183  118  29  20  81  110  125  116  108  27  44  95  133  144  136  99  32  28  126  66  107  53  87  63  126  87  104  127  135  116  112  105  98  139  130  126  120  14  77  36  58  131  121  54  56  116  126  69  58  68  
104  144  107  112  106  81  123  106  41  32  147  136  83  111  126  43  54  89  111  114  163  196  105  143  118  96  137  141  48  32  12  53  111  92  74  53  68  96  91  164  135  104  60  58  81  37  61  90  161  108  137  160  60  119  101  135  65  91  113  136  162  80  131  148  164  25  61  136  97  61  41  150  72  117  154  91  31  
83  140  104  88  62  44  137  148  148  42  120  77  55  104  95  116  73  169  33  107  74  14  112  160  87  114  61  17  64  131  85  123  147  11  86  102  130  134  109  52  94  154  83  98  93  121  95  125  95  99  135  149  42  87  100  71  171  133  91  71  90  96  106  139  184  82  10  36  38  99  61  38  72  36  79  18  61  
113  48  108  75  147  154  152  72  130  152  32  162  76  133  78  110  96  83  115  57  104  45  104  55  79  90  23  82  174  181  34  41  57  178  88  173  99  88  66  133  152  125  85  145  166  154  50  118  42  100  68  71  98  121  85  76  75  117  54  107  81  134  116  15  178  78  168  89  113  140  38  51  120  107  25  55  116  
44  112  132  174  147  102  171  126  73  102  155  138  36  109  179  101  119  110  92  93  112  92  14  105  184  148  69  131  22  44  139  52  138  113  80  34  139  118  130  127  173  119  93  164  76  180  109  110  78  85  94  124  145  126  106  174  54  86  64  147  59  118  88  121  83  101  87  163  23  138  169  179  53  161  35  138  107  
82  86  59  98  81  121  115  70  156  75  49  62  144  135  111  116  123  95  138  151  112  118  100  113  197  135  101  136  145  69  148  91  40  161  189  4  76  123  79  116  94  70  69  69  105  140  89  118  86  54  73  151  55  118  109  99  96  36  121  120  111  141  88  99  106  179  100  49  118  72  135  123  91  118  125  104  159  
88  60  107  80  42  134  13  125  33  36  33  90  103  136  85  76  142  123  130  23  73  132  115  137  94  30  80  167  56  99  119  49  118  35  83  95  20  117  153  136  96  88  103  96  62  154  119  68  57  81  65  59  122  127  134  144  136  89  144  131  128  65  54  188  162  159  15  65  125  156  52  13  108  169  85  94  107  
31  167  86  37  72  102  48  74  101  43  72  51  71  167  59  162  118  76  92  70  158  175  68  108  61  133  93  45  159  126  92  93  61  41  25  93  36  58  135  153  122  108  64  83  66  109  99  165  92  167  131  124  151  80  69  113  109  123  13  91  75  147  28  134  91  26  119  37  69  99  111  139  130  113  120  92  151  
134  102  123  145  99  143  57  44  119  60  100  106  83  75  175  124  108  79  103  83  73  151  93  44  118  140  182  129  121  85  85  133  176  148  114  51  199  43  173  45  52  99  115  115  82  103  85  179  106  107  184  75  150  34  105  24  64  77  125  92  19  153  51  95  151  57  109  82  74  164  96  134  163  85  116  168  139  
105  153  125  78  157  42  83  74  150  122  100  90  167  41  145  112  177  20  133  88  185  67  88  172  161  98  106  79  19  110  173  109  180  188  54  68  109  140  175  139  108  111  92  49  119  33  108  142  94  135  132  122  155  41  96  22  152  109  172  117  121  77  145  139  94  112  102  138  79  157  120  118  146  24  138  56  39  
100  108  117  95  188  56  110  52  60  107  127  90  115  77  100  94  74  152  41  59  42  190  132  95  163  62  142  139  89  136  131  50  105  125  121  50  102  174  71  108  78  60  130  163  56  49  108  79  95  103  176  91  47  90  149  173  80  111  108  62  87  151  22  107  108  55  89  68  168  168  115  137  138  136  147  103  51  
54  114  103  34  77  171  37  118  51  131  103  140  113  182  127  63  46  128  112  45  152  100  82  54  126  134  78  86  68  95  161  54  167  66  125  163  151  89  49  127  122  164  160  124  75  71  86  57  76  80  142  46  79  141  49  141  57  39  65  90  16  86  104  101  135  53  161  156  119  76  56  76  80  84  106  177  136  
118  38  35  143  136  40  109  94  136  77  128  114  50  129  145  159  84  114  60  175  26  79  137  96  148  79  43  133  117  163  11  113  66  95  59  89  177  100  39  85  134  105  83  101  116  62  127  143  104  182  72  112  163  88  88  101  153  118  96  104  89  178  144  79  141  108  41  100  107  80  127  127  84  81  67  119  54  
33  61  141  43  21  43  174  112  158  81  99  94  75  122  157  115  31  134  77  150  171  159  87  86  125  128  111  56  66  63  69  177  107  133  59  108  55  121  73  118  170  81  40  99  168  117  119  171  123  37  100  114  87  101  144  158  133  85  163  85  74  150  128  127  105  39  83  104  136  155  118  105  136  98  136  63  112  
151  119  16  89  97  110  112  85  161  64  47  117  126  96  96  132  14  97  156  34  144  48  23  72  119  134  186  91  37  110  131  53  73  137  140  72  21  26  116  167  137  129  126  112  183  99  89  45  136  58  69  158  125  104  71  166  97  102  135  77  66  36  66  61  5  97  29  141  78  78  129  92  74  26  85  71  65  
122  49  93  96  70  80  188  128  172  39  128  97  150  75  16  159  66  157  137  113  91  111  50  151  82  78  119  128  98  127  81  70  137  99  118  79  81  153  88  174  65  139  100  94  26  123  80  6  43  89  157  47  102  101  88  159  147  142  108  108  98  169  164  96  32  141  105  75  56  50  137  52  173  48  71  154  94  
86  106  192  145  126  93  162  97  137  115  48  106  92  82  127  120  113  156  120  122  77  71  89  166  56  184  103  71  79  75  55  142  90  60  118  104  87  118  84  118  45  114  149  70  88  108  109  65  133  133  99  86  102  144  69  36  74  40  125  52  65  89  131  99  112  80  91  66  142  86  166  142  78  83  118  58  157  
102  62  64  146  57  163  39  175  114  139  141  68  88  114  81  143  94  74  124  44  143  114  91  118  131  156  155  100  87  69  148  80  65  83  116  24  103  70  138  91  106  150  74  54  86  43  154  114  106  158  101  86  122  114  58  112  99  143  89  55  134  107  93  58  161  187  141  132  71  64  109  37  29  124  132  126  88  
86  42  94  187  145  24  68  32  60  64  139  94  139  91  139  109  120  87  177  154  153  123  61  51  162  76  91  96  91  90  106  116  52  124  60  52  76  49  146  139  155  59  75  171  92  78  52  128  49  110  36  107  49  145  94  63  135  130  69  91  175  83  98  71  83  119  71  110  38  61  84  55  67  53  130  160  119  
94  17  32  122  134  145  140  82  153  113  83  50  157  136  136  16  51  122  122  145  44  106  137  94  67  183  100  161  115  69  124  100  18  107  120  56  139  69  48  155  119  74  120  174  94  59  98  56  57  134  57  88  5  60  111  94  14  176  147  78  151  108  135  149  110  38  82  61  85  96  105  85  156  114  34  92  99  
159  114  157  188  142  46  101  47  17  111  103  147  147  125  105  79  114  44  46  20  108  97  39  168  52  94  86  48  86  56  99  159  114  45  88  9  163  144  63  134  96  112  107  53  58  121  61  105  173  44  102  81  53  99  27  95  99  151  64  52  98  158  131  109  171  101  91  49  138  145  103  38  98  106  117  28  68  
106  101  47  85  74  110  23  76  90  97  116  56  116  191  91  112  111  76  131  48  61  90  106  164  121  78  31  66  134  114  86  146  62  139  57  97  129  106  102  59  26  158  102  157  112  38  78  29  72  89  26  127  178  170  81  115  90  85  89  60  78  55  96  93  66  83  63  96  142  149  155  62  93  82  55  63  138  
190  66  91  52  169  69  56  86  5  102  61  49  7  104  160  157  109  106  135  171  37  80  137  65  115  85  60  172  135  107  81  78  126  129  134  71  107  191  49  87  54  37  65  114  98  130  163  52  125  49  132  138  33  113  151  184  100  141  121  120  31  84  143  90  27  134  110  76  78  173  94  97  120  91  139  128  42  
116  170  92  110  136  92  54  154  42  29  63  128  79  92  28  167  74  127  93  12  40  91  126  85  99  162  99  125  150  73  180  54  132  104  37  54  111  66  152  65  124  26  134  81  19  50  75  37  88  69  93  75  66  38  87  44  101  21  59  109  71  98  79  91  58  74  94  52  69  121  108  114  128  56  61  144  55  
105  86  74  163  90  181  95  96  110  141  94  132  80  85  149  25  149  118  122  48  94  53  62  139  126  95  90  82  106  119  97  93  57  135  81  95  94  72  135  57  145  150  114  91  129  84  88  165  75  128  141  63  30  49  172  61  53  116  65  137  114  144  83  146  142  94  133  110  109  145  143  158  121  105  169  88  84  
124  107  113  103  89  67  58  109  94  66  119  49  133  109  43  41  79  130  17  102  108  67  100  84  162  147  89  81  121  77  111  128  87  81  109  139  63  160  21  114  64  86  103  168  136  68  99  154  41  93  124  106  121  122  44  67  89  83  131  54  80  103  165  127  153  150  71  150  124  134  87  60  91  181  71  132  102  
64  76  51  129  112  77  137  166  140  99  96  136  31  104  154  39  110  169  116  123  139  53  109  68  117  110  88  148  73  130  60  172  90  109  157  72  141  129  146  101  126  122  84  98  24  115  69  71  111  56  97  60  150  86  74  84  39  51  7  97  84  82  118  38  123  100  78  120  51  101  85  77  136  101  95  28  175  
160  151  144  90  28  149  101  52  178  45  84  110  74  93  78  112  16  87  44  116  128  65  71  62  26  167  137  82  116  128  89  25  146  59  133  74  99  92  101  153  45  138  158  153  81  26  59  85  109  70  115  70  43  36  119  119  79  108  108  59  76  72  100  26  127  160  37  78  114  20  125  169  119  61  118  109  106  
93  81  39  81  126  148  123  45  116  65  141  174  107  78  43  71  138  154  124  27  66  47  75  81  90  71  173  112  109  87  194  56  118  139  69  138  81  120  124  176  122  76  75  74  60  123  135  118  61  46  88  31  81  117  56  143  123  100  107  149  125  139  119  111  85  65  105  159  58  183  81  58  114  79  93  67  131  
180  144  93  145  118  102  110  107  142  156  17  99  77  21  105  126  86  128  118  72  147  61  91  167  139  123  40  0  91  148  112  10  62  106  101  165  120  19  70  71  50  114  100  45  89  38  60  88  45  171  85  36  133  120  86  130  79  116  35  43  110  100  166  153  90  157  69  31  45  140  70  68  149  31  51  85  68  
30  88  117  139  67  128  59  151  165  144  67  90  152  121  106  110  100  104  49  32  99  135  23  159  69  133  83  165  101  88  52  126  77  112  170  57  77  121  138  110  83  95  172  34  193  149  119  142  109  141  144  95  101  63  85  47  102  106  124  60  89  148  110  109  88  169  119  102  96  83  90  103  160  167  101  127  183  
27  43  63  95  128  113  142  122  62  109  160  128  112  40  159  107  162  54  151  153  43  26  180  67  105  92  93  118  58  49  94  49  87  88  59  132  26  56  165  121  148  163  26  138  103  54  108  189  96  28  186  87  26  91  136  96  131  88  54  72  164  177  199  95  143  99  63  93  71  62  60  34  39  67  101  87  79  
67  122  50  171  164  99  76  148  110  94  156  69  95  130  133  84  80  118  53  170  126  58  111  41  156  62  113  81  46  107  105  113  55  94  80  40  130  109  197  134  96  147  83  175  115  70  100  80  107  85  82  65  82  150  135  136  81  31  78  126  115  103  13  131  143  72  142  88  71  66  178  63  111  131  111  108  137  
87  108  165  72  38  50  97  108  114  61  112  88  64  124  100  97  72  91  67  92  156  56  115  84  142  194  97  112  129  55  51  45  44  36  116  122  41  84  97  79  128  29  92  138  135  161  133  171  53  90  40  47  136  166  115  123  116  149  104  142  44  167  71  188  129  163  84  29  119  105  132  118  169  84  107  160  90  
181  110  131  96  125  153  109  91  113  115  67  22  92  179  107  107  65  51  78  166  162  15  85  83  108  86  96  88  63  100  125  79  98  95  183  126  81  90  47  112  97  114  149  93  90  107  72  93  148  63  97  75  106  111  113  95  121  124  163  85  112  121  107  126  123  82  119  189  112  131  99  119  97  63  33  85  97  
164  67  129  127  111  143  155  27  125  129  133  151  103  107  127  115  121  66  95  139  150  165  55  91  144  114  65  171  89  112  86  115  95  84  90  101  21  71  84  158  115  75  151  93  36  88  107  134  153  50  164  55  104  101  119  101  67  44  12  43  29  75  101  138  109  109  126  114  88  69  40  160  99  40  44  76  48  
84  126  160  131  96  142  119  149  122  96  135  119  84  54  98  8  35  145  71  110  125  89  73  191  71  63  104  173  79  140  27  103  122  125  128  63  65  185  65  56  125  130  161  39  169  63  110  100  78  96  185  67  195  178  137  134  124  90  74  62  97  48  111  84  60  58  99  39  139  90  129  165  47  179  111  119  122  
89  161  85  84  136  122  110  94  30  129  7  110  94  121  131  31  101  77  7  81  125  27  164  78  49  64  73  77  70  96  152  88  162  77  16  132  155  15  118  36  83  77  96  99  136  117  94  34  185  85  57  88  118  79  21  131  95  109  81  48  47  55  135  118  64  85  158  151  195  97  131  15  150  88  92  80  21  
154  37  145  131  81  35  72  148  96  32  109  75  138  132  95  162  107  92  94  113  87  102  92  105  57  112  104  14  89  61  59  145  45  103  127  124  61  93  42  75  176  64  10  105  67  152  115  112  92  11  102  91  49  97  54  75  62  137  117  87  126  73  80  91  127  178  44  111  57  127  48  61  37  81  164  69  102  
184  181  172  146  95  91  128  56  172  140  137  140  143  105  101  121  118  96  81  136  79  147  108  146  79  145  97  110  36  42  123  155  159  58  66  104  168  181  70  64  34  184  131  58  33  52  118  31  99  53  60  122  108  45  101  135  121  49  90  105  93  117  79  33  64  47  59  72  108  51  72  90  127  62  108  112  145  
116  153  107  72  159  114  54  100  120  164  47  176  112  36  55  123  43  104  75  54  84  100  42  72  96  91  157  78  20  115  55  139  71  142  47  178  166  36  120  30  39  93  92  130  123  96  86  166  66  114  67  115  99  73  148  102  170  42  100  12  106  70  109  137  137  66  21  55  49  143  130  69  123  67  103  96  63  
143  69  169  87  147  94  70  97  10  83  154  98  77  61  168  123  113  99  50  18  86  31  71  40  152  38  14  119  121  144  49  112  14  92  48  184  126  144  121  111  90  101  90  89  93  9  184  63  124  123  93  129  135  101  151  96  69  87  159  39  45  99  192  57  78  64  99  113  32  53  140  116  122  138  147  86  89  
68  119  91  108  76  78  176  96  99  82  77  107  90  105  93  142  150  65  105  48  144  96  130  71  51  84  148  76  21  135  113  106  63  90  96  53  155  132  148  64  43  127  59  66  70  37  88  108  87  109  131  106  57  104  70  116  113  170  116  70  38  82  72  64  93  94  107  70  89  136  79  98  110  141  69  162  127  
78  80  64  70  88  100  33  126  102  66  166  98  146  77  135  159  110  111  100  108  128  147  88  149  123  189  113  158  93  81  72  31  106  104  37  97  141  99  117  113  77  1  93  83  41  103  148  122  62  5  88  127  93  141  95  114  157  159  77  80  88  70  80  64  13  145  69  84  54  40  102  177  172  83  102  118  92  
183  102  103  92  33  89  43  123  140  80  115  163  79  100  113  192  120  95  82  34  94  168  90  49  151  74  39  63  90  119  109  169  101  103  108  53  14  161  39  132  89  134  128  43  137  97  27  114  128  140  97  44  97  19  136  84  45  57  42  121  53  161  121  170  19  129  106  81  74  142  70  90  103  31  104  76  165  
127  69  73  142  67  70  81  148  83  75  166  115  96  118  94  43  87  42  71  141  79  21  85  138  39  43  25  71  108  82  85  109  109  98  119  60  118  109  138  142  95  7  185  102  101  139  108  77  93  113  76  99  138  78  67  135  93  70  153  58  12  97  105  183  46  28  96  180  83  99  101  16  74  115  111  94  134  
45  79  107  76  129  81  119  181  63  41  116  87  101  68  140  108  97  128  93  177  70  25  95  108  110  106  109  111  101  36  97  163  86  90  168  145  91  128  182  52  64  90  112  99  15  88  30  103  50  91  101  64  113  104  116  80  95  112  102  58  112  36  61  74  160  118  116  61  48  99  137  107  62  124  196  84  143  
100  154  188  137  148  70  73  167  60  129  99  45  161  69  106  139  70  141  98  173  70  142  146  184  59  90  107  56  12  161  150  35  100  190  40  114  153  13  62  168  106  72  9  94  95  105  72  108  39  152  68  102  46  72  123  134  36  91  117  56  25  159  93  180  75  136  41  34  144  149  53  68  114  136  132  66  108  
59  74  95  64  101  67  73  137  111  82  42  99  101  153  151  150  36  76  120  134  134  93  135  76  137  108  122  146  64  107  167  34  126  148  116  53  63  65  101  86  122  88  100  116  111  135  82  149  172  92  143  132  124  75  105  64  90  125  120  58  100  141  58  30  98  189  100  161  153  88  77  79  143  193  111  160  113  
63  80  102  93  60  176  90  76  108  74  57  129  136  51  64  137  69  40  115  45  139  133  86  123  82  101  51  71  74  38  43  55  63  163  140  88  144  83  101  123  58  104  92  15  98  87  149  64  94  111  118  68  76  87  83  134  55  132  129  145  170  22  110  74  65  117  103  84  80  151  67  175  43  100  107  113  154  
90  175  46  145  133  116  103  142  50  99  104  63  48  50  113  122  69  39  184  21  84  40  179  61  63  148  174  104  119  85  23  75  113  144  109  174  143  125  128  104  15  116  78  126  109  136  82  96  139  148  148  115  177  152  82  122  153  115  82  170  147  85  46  38  116  86  127  135  25  43  97  153  50  102  148  110  117  
55  34  59  111  74  40  5  138  105  156  60  88  143  102  59  105  166  72  74  99  138  94  105  94  117  63  140  115  49  77  91  65  57  129  11  109  86  38  61  31  108  60  57  112  115  126  25  73  55  139  95  103  132  69  97  156  136  178  173  108  100  82  60  48  35  86  100  110  83  134  118  124  89  130  101  73  48  
137  139  118  129  106  107  41  65  89  115  62  81  98  66  72  22  123  133  68  137  125  91  99  103  97  104  34  89  142  93  109  138  56  119  113  75  154  46  63  54  154  44  136  66  128  101  137  129  107  88  27  48  124  115  69  78  85  109  129  68  114  87  140  104  58  73  175  103  62  177  139  50  17  72  84  90  93  
95  88  188  38  162  131  94  59  120  166  90  99  148  152  96  100  92  83  53  67  169  101  106  89  79  129  61  156  119  38  72  70  141  103  175  133  129  66  107  164  138  177  83  41  140  50  67  53  82  61  150  180  114  118  26  135  23  86  68  169  97  139  152  134  73  114  111  108  12  153  92  140  102  39  56  164  88  
140  106  74  32  100  109  141  96  124  121  116  154  145  124  178  15  133  167  138  168  88  95  156  37  25  67  42  72  40  29  105  104  87  49  143  114  159  125  92  120  127  91  37  85  138  73  140  41  121  179  88  95  50  46  37  162  99  170  43  185  41  76  41  137  89  27  103  114  84  14  65  84  189  110  81  128  133  
56  53  133  100  108  119  150  89  31  48  144  73  80  56  92  81  71  102  124  100  116  126  50  132  60  78  99  60  146  101  30  121  113  144  85  130  99  89  130  108  54  68  77  111  146  147  89  109  61  90  126  143  110  158  132  51  104  107  4  140  28  43  44  110  120  99  146  167  33  82  130  88  59  93  150  170  80  
155  98  112  104  111  103  98  99  107  100  52  190  12  60  94  145  113  165  36  49  119  26  88  68  89  139  111  79  151  146  185  105  113  78  96  106  186  160  68  107  63  77  165  86  87  67  13  148  104  116  167  107  174  99  115  89  1  87  99  67  100  61  102  25  75  75  107  144  165  29  116  33  150  130  12  96  93  
97  85  122  138  88  161  2  147  188  44  35  75  56  60  72  132  106  38  139  69  85  40  65  123  161  86  98  96  173  116  116  112  78  115  169  59  183  126  34  121  112  97  148  87  103  135  83  161  115  147  132  106  68  100  92  58  20  85  62  141  92  74  69  117  75  58  105  147  146  89  132  157  74  96  134  121  134  
18  119  109  97  98  29  122  92  163  92  131  77  77  44  147  105  91  124  101  158  27  68  137  123  58  88  115  34  30  78  46  76  96  30  41  114  82  79  143  40  152  142  70  94  87  150  64  104  44  108  111  139  110  53  74  90  68  53  87  51  46  105  131  66  125  43  48  62  156  24  120  172  7  4  52  38  97  
198  158  96  95  110  50  165  67  80  77  124  99  126  127  113  38  153  116  153  28  119  100  100  138  125  155  108  159  97  36  39  97  69  74  114  102  15  113  62  80  88  64  175  107  77  104  180  91  135  118  97  174  55  130  130  88  13  132  178  50  66  117  73  75  50  112  109  167  32  92  26  140  93  44  125  78  69  
109  96  119  81  156  116  59  187  125  105  91  133  102  126  49  78  58  25  97  88  126  140  129  151  99  113  51  57  87  38  127  133  114  132  143  49  34  114  111  109  50  77  153  65  51  66  86  191  120  141  166  90  84  117  105  152  120  87  105  64  121  113  33  100  77  88  187  35  88  137  76  60  159  195  72  188  50  
127  97  90  86  119  77  77  116  111  100  190  70  101  105  75  35  98  59  101  96  102  88  26  126  138  149  73  117  154  94  82  120  88  53  90  169  150  178  55  152  37  84  77  116  72  92  124  48  98  102  93  171  107  169  92  148  115  141  92  82  101  104  85  144  138  89  113  72  38  88  98  74  95  149  91  91  35  
86  85  105  80  92  108  115  132  154  98  95  98  106  47  178  100  65  166  103  143  62  117  41  136  7  141  128  79  175  92  100  180  102  105  50  45  47  89  162  120  38  58  61  109  59  2  144  123  134  21  53  140  96  92  177  39  60  107  41  80  93  21  170  113  76  121  85  90  57  88  69  134  16  65  111  58  96  
45  136  123  116  122  25  75  82  139  40  89  30  61  89  53  68  128  104  140  56  113  166  65  60  102  132  148  106  82  119  50  88  42  98  82  67  86  82  145  102  168  25  90  106  141  189  99  135  92  161  116  21  150  127  75  158  103  70  173  124  61  173  116  51  148  121  81  147  164  103  130  146  154  65  107  63  106  
62  48  61  120  149  172  91  143  42  114  164  139  26  143  80  45  118  8  101  91  154  117  118  101  24  135  164  49  53  88  74  106  152  150  94  49  90  196  74  127  121  75  61  43  117  23  42  68  49  158  27  98  85  154  58  112  173  110  56  62  25  142  99  124  77  139  119  82  110  141  170  28  80  95  96  74  109  
147  130  85  72  73  122  108  143  143  35  161  95  72  184  57  74  113  84  135  140  67  105  68  107  170  161  147  121  78  199  123  84  158  99  58  136  63  115  38  114  50  147  77  57  97  42  83  28  94  131  46  43  102  50  133  87  115  31  97  155  145  129  150  62  176  66  92  102  71  128  27  133  28  105  170  195  61  
120  145  31  140  151  121  167  108  139  172  122  107  167  117  48  125  125  51  170  125  124  155  122  108  55  144  110  72  51  126  72  159  100  17  77  121  45  43  27  96  134  68  20  11  124  63  80  114  93  103  47  63  120  98  123  99  127  70  68  116  91  100  72  65  89  50  77  106  108  107  128  52  112  19  66  188  136  
131  107  99  180  153  58  58  85  100  28  70  154  97  108  27  22  14  127  65  169  103  112  82  133  124  88  77  173  33  95  93  62  41  120  116  121  44  59  29  89  108  97  59  166  100  133  102  126  102  67  68  113  82  45  65  172  99  69  154  52  147  107  98  91  138  109  138  49  97  136  73  91  112  24  146  125  81  
143  61  103  111  55  119  106  179  100  79  110  103  119  171  135  99  99  124  75  149  64  62  108  100  140  63  188  140  73  95  71  141  192  91  70  93  35  98  69  130  112  34  18  120  152  97  29  41  144  101  89  59  62  86  151  155  138  128  103  108  85  70  95  98  103  125  170  97  158  65  136  122  112  53  34  168  28  
100  116  107  167  108  87  122  64  126  195  111  113  101  79  102  86  12  120  89  65  143  118  100  7  156  130  105  133  27  55  49  85  173  110  36  74  51  140  38  103  109  134  118  92  55  9  52  86  154  145  167  124  50  154  153  185  99  22  171  66  92  30  74  74  49  12  142  58  109  103  65  109  80  15  48  62  53  
184  106  135  76  63  61  84  91  152  103  146  96  67  65  123  66  91  70  83  92  117  169  73  38  142  186  128  90  109  65  110  117  91  14  94  25  53  126  22  71  174  111  16  168  193  58  68  47  75  109  123  77  121  161  100  53  161  97  61  155  121  123  50  98  109  30  119  139  167  158  160  51  63  135  118  104  74  
182  137  60  129  75  88  108  120  77  72  185  83  131  75  59  79  44  95  140  158  114  151  22  105  100  81  90  90  56  34  31  75  94  37  192  125  102  155  76  37  148  163  53  136  113  144  136  108  21  138  194  94  58  130  55  107  172  77  82  120  101  98  176  87  67  156  88  74  12  150  64  53  72  91  77  54  25  
65  139  27  111  115  97  115  89  13  111  156  136  126  20  109  74  79  110  63  101  97  86  51  84  61  96  25  125  56  87  101  54  151  13  47  137  27  65  77  150  102  108  63  97  129  73  106  120  101  86  35  53  143  55  46  134  102  145  88  131  144  114  154  154  120  152  176  104  108  87  47  91  76  124  92  136  88  
95  149  157  81  141  64  111  64  120  168  113  56  42  144  120  131  24  87  137  178  68  114  115  105  44  22  19  141  60  106  136  96  108  37  158  125  65  131  49  142  63  179  115  170  103  92  64  103  99  23  142  133  100  89  69  87  3  118  33  79  118  70  114  185  83  110  132  53  76  52  70  94  172  70  124  68  39  
65  101  67  144  55  144  123  170  157  69  96  135  116  116  175  87  62  115  150  97  62  166  69  61  97  97  84  84  40  65  137  107  144  82  132  133  128  166  107  118  28  29  110  97  135  164  27  102  65  86  106  69  71  128  180  122  79  87  53  111  66  57  96  74  61  84  76  84  49  94  88  122  66  145  76  64  25  
