77

12  9  28  21  99  71  12  3  22  54  9  7  49  2  19  4  69  8  64  29  69  43  78  52  11  39  70  99  59  35  61  29  62  17  62  32  11  29  46  21  89  19  90  54  56  34  18  79  96  12  59  98  87  71  94  91  85  5  25  66  32  33  99  82  45  7  85  64  18  2  31  39  49  100  53  38  37  
50  92  67  72  72  23  53  20  15  71  57  98  40  23  0  40  87  67  62  56  15  48  25  30  99  31  74  48  6  78  40  31  82  56  48  62  49  14  81  73  35  53  35  30  12  7  82  99  82  24  23  9  88  54  14  60  76  2  46  25  80  80  81  86  42  44  60  57  4  18  54  67  97  31  2  14  7  
8  64  22  73  3  86  5  87  80  19  75  72  3  11  59  22  86  19  24  46  6  6  78  19  86  39  35  86  86  12  5  36  54  57  21  24  2  13  6  70  60  76  51  9  1  83  21  60  14  83  28  43  28  49  85  79  45  59  70  18  46  70  39  86  10  45  13  14  48  70  47  10  27  54  16  35  30  
23  48  54  26  59  57  25  27  2  32  98  96  59  31  32  17  9  89  41  30  72  96  91  54  24  67  40  44  20  4  11  47  50  19  46  51  33  74  9  88  86  65  16  33  57  30  31  40  82  52  78  87  17  39  15  92  55  24  39  85  96  22  94  64  76  5  46  85  92  55  36  66  59  66  88  10  27  
65  68  26  73  17  41  58  49  100  36  43  77  44  76  40  100  41  99  10  29  66  13  90  87  43  15  0  16  48  33  28  28  84  11  19  81  51  88  96  52  52  89  18  96  31  33  83  62  57  71  44  78  26  15  34  14  74  93  49  11  52  9  46  85  92  82  9  7  32  51  59  14  41  34  48  9  2  
34  48  41  56  71  90  89  48  48  85  8  97  7  84  11  43  28  7  71  8  81  10  44  21  68  77  9  75  80  96  9  25  6  84  49  76  71  49  6  50  59  51  41  96  96  96  35  36  6  52  11  9  87  57  38  53  42  59  12  60  71  87  87  11  87  0  72  16  19  54  27  15  65  88  6  18  69  
40  95  91  96  86  86  72  75  67  5  55  73  21  80  83  83  21  67  10  46  91  78  0  39  96  87  68  73  2  34  55  4  49  50  24  10  43  30  80  68  100  50  66  73  58  87  14  87  75  41  61  44  100  57  94  79  48  61  26  99  18  39  78  38  4  4  70  86  10  82  100  91  51  77  28  52  66  
79  33  48  26  4  75  18  5  73  22  0  43  53  48  81  43  61  38  45  94  23  66  48  71  98  62  90  54  57  15  50  51  25  87  91  1  53  61  70  54  72  35  14  24  66  59  57  96  15  29  38  95  42  61  72  40  90  18  68  35  85  69  24  99  24  91  60  11  67  33  52  86  9  55  51  99  99  
3  41  59  47  22  83  11  78  1  35  21  64  29  67  31  4  52  66  76  12  41  88  79  95  11  30  68  93  18  70  50  17  58  5  75  30  15  28  61  91  42  35  61  91  51  62  74  26  29  35  42  57  92  61  67  76  54  18  72  66  87  50  24  95  89  87  4  53  35  93  17  2  22  76  66  35  86  
23  69  44  11  60  10  17  10  45  35  41  10  71  94  56  64  41  66  70  47  61  86  45  38  17  62  0  19  96  80  85  13  47  20  9  71  31  28  91  62  67  35  28  40  24  17  58  99  8  67  71  96  64  71  5  98  37  60  10  15  41  92  20  45  65  8  81  11  31  90  26  67  72  41  58  28  96  
60  94  33  47  79  79  4  2  28  29  20  87  57  44  77  88  83  49  57  54  38  67  44  13  62  53  89  65  91  56  32  91  83  99  94  28  99  11  75  35  18  2  76  27  14  57  16  81  64  83  86  48  67  7  97  17  0  40  84  56  11  87  24  95  86  11  46  63  10  94  13  41  86  84  81  79  44  
29  95  61  77  92  14  30  49  64  30  63  60  76  12  94  99  87  20  75  70  93  50  15  72  97  1  40  51  15  88  96  22  86  94  40  7  87  48  86  81  91  30  31  11  76  6  71  72  55  61  78  26  87  41  31  17  59  89  73  35  79  17  48  96  75  29  24  58  28  60  34  45  58  13  41  38  12  
84  76  57  20  88  15  67  20  22  70  31  2  97  69  51  41  13  88  20  15  3  93  49  2  65  37  97  42  76  89  61  35  16  43  44  47  53  95  18  19  70  50  79  87  13  35  77  23  58  9  96  35  46  82  50  83  27  53  53  18  9  67  7  79  37  43  72  39  82  79  50  64  80  62  78  84  51  
6  16  70  17  31  85  15  38  45  83  70  57  62  85  93  31  41  61  81  42  74  81  51  35  58  69  3  7  43  88  92  42  94  10  41  74  69  36  49  94  48  70  98  91  12  32  31  8  50  9  86  16  26  47  47  79  38  21  1  88  1  21  27  55  49  25  80  85  88  53  46  31  78  9  95  91  66  
34  20  9  75  65  28  35  42  39  19  43  51  48  96  85  80  0  90  37  86  7  69  92  23  86  52  7  52  81  91  3  92  37  61  45  8  99  92  8  46  45  43  68  53  44  44  42  52  19  90  69  61  77  76  70  48  86  43  73  30  36  98  98  19  58  38  27  42  74  24  50  57  61  77  47  43  38  
27  42  43  21  2  5  87  50  74  33  83  74  62  44  91  67  2  99  57  93  94  73  75  38  79  67  39  33  62  38  69  80  32  85  8  58  51  34  63  50  81  22  27  48  72  43  32  99  81  14  33  80  49  76  99  76  35  34  92  58  69  100  29  79  60  13  34  54  73  79  93  80  98  31  49  16  80  
90  32  0  57  42  61  22  76  87  33  21  67  49  59  63  52  12  17  56  7  58  44  10  68  82  52  100  62  7  31  93  37  11  45  59  16  21  22  97  77  49  76  80  42  85  44  49  35  53  34  9  71  44  65  0  91  15  76  94  18  20  6  49  52  4  10  8  44  53  2  92  10  4  3  41  4  33  
72  8  39  75  27  55  98  58  87  11  66  89  91  24  8  95  46  95  100  45  8  23  21  62  55  17  83  37  30  62  41  37  58  55  63  54  67  71  50  88  3  51  40  20  20  42  57  6  4  86  82  40  6  56  69  97  52  89  90  39  82  89  97  78  15  98  18  38  5  34  67  35  79  37  35  74  19  
1  81  94  58  51  43  62  28  65  15  3  56  68  26  65  61  65  66  71  48  71  48  41  76  46  90  32  55  72  32  29  90  6  47  27  84  66  98  44  39  45  23  62  11  12  53  78  36  73  51  1  43  24  75  30  4  66  35  50  43  36  22  72  40  63  18  12  28  58  35  88  81  69  72  54  28  59  
7  60  8  80  24  90  30  92  27  49  75  28  39  43  21  85  4  15  72  3  71  92  35  90  45  82  92  55  16  62  55  15  13  50  60  19  93  43  54  77  50  92  38  21  60  9  91  59  30  67  91  55  49  37  28  31  40  98  39  14  45  40  89  16  87  87  44  97  30  40  43  15  0  44  85  42  60  
45  18  58  100  64  11  50  27  47  30  58  43  99  9  86  89  42  22  80  54  92  90  48  34  64  36  41  0  83  63  52  16  37  98  42  41  13  22  51  91  67  13  37  76  59  68  10  30  29  16  16  78  29  45  2  15  47  50  20  86  99  53  80  9  15  81  39  32  5  24  13  43  3  16  88  84  24  
52  11  17  54  45  74  43  59  91  79  75  3  92  56  75  15  31  72  27  81  28  18  48  67  30  94  8  67  31  66  25  62  17  26  41  20  53  4  35  99  25  37  74  95  67  1  81  53  28  38  39  10  1  27  75  13  3  93  71  12  84  68  69  79  46  15  23  32  61  30  11  59  82  66  28  91  14  
65  63  100  96  73  9  48  1  12  13  63  90  84  33  45  49  36  13  30  1  83  83  27  70  36  56  55  38  56  39  79  83  40  5  45  2  73  95  51  86  15  94  68  39  23  36  48  11  73  40  22  75  43  32  5  9  37  88  57  19  83  71  55  98  99  49  48  7  61  60  48  8  87  78  96  8  56  
99  29  7  24  74  96  3  63  63  35  57  8  85  94  20  66  27  68  92  12  20  80  17  93  23  60  14  31  59  32  33  96  5  75  25  10  100  88  63  50  21  77  28  74  15  15  31  23  12  63  5  44  82  74  5  61  83  85  38  4  7  26  32  67  37  16  22  95  65  96  75  57  16  22  14  9  94  
90  9  17  0  81  2  33  33  2  76  60  27  3  48  100  82  55  65  46  98  2  42  44  52  31  79  20  84  59  92  67  49  59  77  56  71  95  93  5  4  34  10  14  48  22  74  70  32  31  40  34  45  1  30  65  97  37  56  21  69  22  10  56  41  11  60  95  26  58  79  34  96  73  30  51  90  39  
41  91  61  69  37  39  38  97  19  0  47  36  43  25  4  94  54  37  17  8  11  11  76  68  12  92  23  89  66  2  98  0  80  73  37  6  49  25  59  37  39  17  79  32  14  39  49  33  13  42  7  7  17  37  77  12  65  2  21  72  0  65  62  83  21  25  80  46  55  40  69  98  30  20  57  76  1  
85  55  32  88  60  94  14  72  88  93  21  35  52  52  64  9  71  37  49  13  23  25  29  54  29  6  90  19  87  38  16  20  42  57  66  79  35  67  63  23  73  65  88  65  87  2  28  78  24  48  88  26  25  41  97  4  29  30  56  83  97  80  62  91  58  74  39  26  71  67  59  74  99  53  79  81  52  
62  97  47  54  49  61  55  62  48  58  80  7  50  76  17  29  66  85  0  27  27  2  67  14  75  64  66  79  49  5  16  92  81  81  9  41  59  72  0  99  40  4  95  100  61  50  17  72  22  13  26  49  74  76  1  66  10  5  48  27  79  41  94  90  76  67  62  66  59  95  51  60  13  93  10  90  8  
10  1  22  90  60  53  47  79  58  23  38  51  8  49  68  11  42  71  89  76  87  4  66  37  39  91  75  83  59  84  42  100  75  67  88  35  81  36  46  5  45  34  6  35  13  96  9  16  68  24  82  17  71  17  5  39  26  8  3  43  12  63  25  18  68  36  8  87  4  60  62  37  92  51  28  1  85  
81  70  80  71  26  72  62  40  90  7  33  43  62  27  70  68  16  8  11  20  40  61  37  15  25  92  91  23  59  97  24  11  94  47  73  70  55  75  71  78  18  94  62  85  65  9  59  54  40  45  26  6  16  11  57  55  7  65  46  17  39  35  41  24  63  96  25  33  93  14  54  90  43  8  78  57  68  
93  63  35  62  96  79  81  40  21  50  78  78  20  49  24  10  97  69  44  1  4  35  8  31  1  38  93  37  69  12  97  10  50  92  15  97  49  92  45  76  53  42  12  54  37  55  97  53  21  18  73  29  12  60  2  53  25  45  92  61  58  73  90  88  23  44  32  98  28  87  81  0  28  79  65  10  40  
95  68  31  47  81  3  76  28  50  66  11  28  63  10  9  51  58  64  95  44  72  40  9  71  99  41  18  0  5  51  18  7  14  50  71  67  96  3  25  33  10  70  74  42  23  17  25  6  29  85  41  26  88  45  46  72  20  80  10  38  99  23  88  95  80  80  63  31  25  56  15  53  66  31  40  55  41  
26  72  97  79  16  60  27  63  72  57  52  68  65  28  26  11  49  77  33  10  65  38  10  87  31  59  69  82  72  43  45  32  58  54  73  5  69  70  46  32  56  49  87  3  98  83  36  62  71  42  52  95  55  49  4  39  11  24  81  55  17  48  66  56  71  69  67  63  74  50  53  73  74  70  45  39  94  
11  13  5  5  92  92  84  50  2  25  77  61  46  9  98  57  95  49  84  87  0  12  95  10  29  86  26  94  20  31  93  12  25  9  42  35  11  43  74  67  83  90  3  88  35  52  28  89  33  15  94  76  16  80  53  62  66  82  25  28  77  79  100  37  94  1  41  1  25  7  8  22  20  58  43  29  21  
37  89  36  95  65  35  36  73  72  70  64  27  80  52  79  43  22  39  17  99  44  1  48  16  100  54  13  37  32  7  74  25  21  90  48  33  69  26  98  78  76  57  17  84  56  67  74  2  57  74  4  18  36  70  80  41  3  27  58  72  72  86  8  64  99  14  77  30  67  65  100  40  47  99  44  53  72  
4  28  83  9  14  31  50  13  38  52  17  66  51  47  13  45  49  9  50  42  70  46  26  42  54  96  36  27  54  45  2  40  22  3  74  59  11  21  39  67  98  1  25  68  60  85  86  82  1  80  22  23  77  72  77  73  32  63  38  62  4  98  31  95  53  77  28  27  66  10  58  30  72  11  47  77  53  
82  24  94  57  32  96  98  37  97  16  54  12  68  91  48  17  47  6  54  90  78  4  27  66  79  8  5  49  36  31  91  44  25  55  97  62  71  44  5  83  25  95  96  48  88  43  38  37  93  25  44  5  37  50  76  22  92  49  73  80  93  93  14  71  32  57  56  92  40  69  30  68  85  50  1  24  31  
77  27  92  99  79  47  58  8  35  83  80  56  96  40  38  100  41  45  0  98  91  74  14  48  52  90  41  99  47  84  53  99  89  31  48  58  21  15  34  84  100  58  62  14  4  40  12  94  59  7  72  54  43  86  82  25  20  35  6  42  21  39  89  48  88  65  28  51  51  1  12  66  64  11  23  60  6  
22  83  94  86  6  42  71  65  65  73  50  80  23  36  96  5  34  99  42  100  78  33  57  93  54  26  23  91  8  57  19  96  97  95  34  6  51  92  37  53  85  59  78  2  93  20  52  59  3  2  97  23  99  85  97  86  58  74  0  21  7  2  75  70  13  49  67  15  94  18  58  76  13  91  100  62  65  
10  96  54  63  61  88  39  0  13  52  1  76  68  46  86  3  33  43  5  27  94  1  66  6  43  45  32  32  17  38  74  18  90  68  10  70  68  1  98  4  75  2  69  78  77  75  76  26  100  50  34  33  80  52  15  98  13  39  24  13  46  17  48  100  48  20  66  70  96  67  36  1  67  75  15  23  7  
65  5  99  31  48  22  36  64  68  1  100  50  64  45  72  87  35  12  41  47  46  86  24  57  18  12  36  4  32  7  22  56  11  98  88  80  40  37  37  51  87  11  10  98  7  95  40  67  82  5  37  5  14  76  42  71  2  73  56  49  80  52  3  48  40  94  31  42  40  100  8  48  30  32  84  44  57  
84  97  83  65  81  25  39  14  74  82  77  87  50  78  6  65  82  16  8  83  55  85  69  95  28  57  37  66  10  16  41  99  92  55  32  92  77  89  56  49  13  95  37  3  7  10  78  15  98  50  55  91  99  34  20  76  23  37  16  19  11  25  42  12  20  35  17  2  42  5  36  31  63  56  33  72  91  
67  92  38  55  96  46  33  1  81  68  29  99  62  14  35  86  35  68  32  6  60  54  31  64  65  8  86  37  10  82  38  73  10  93  27  94  80  10  30  25  2  5  88  86  40  34  79  81  21  22  61  70  27  41  77  34  84  22  89  8  14  65  69  99  76  20  21  40  28  46  49  49  90  49  64  5  18  
90  16  89  50  80  36  67  84  3  78  81  29  46  9  71  85  35  79  0  15  53  29  5  8  93  25  2  23  71  53  32  43  8  87  21  93  63  78  25  67  85  73  22  33  87  2  87  0  63  67  55  39  53  98  57  7  40  34  92  34  8  32  98  11  5  44  15  74  24  52  43  42  43  90  48  57  33  
18  85  45  89  46  35  85  95  52  32  32  20  49  79  36  95  74  1  17  26  90  38  83  50  49  30  77  36  21  42  34  18  56  16  80  47  88  86  60  25  0  48  39  17  61  11  72  24  23  12  67  7  22  64  19  39  35  88  96  48  32  33  19  37  19  3  56  18  66  81  47  47  65  100  54  85  57  
55  50  50  53  66  2  10  62  86  12  75  30  61  59  50  65  28  11  73  24  50  100  36  88  83  100  91  86  70  74  14  17  85  12  36  48  76  2  34  32  73  1  11  29  26  74  77  65  20  1  21  76  50  76  77  51  88  91  29  48  17  28  72  22  5  56  22  46  42  31  84  99  85  67  9  82  6  
86  30  28  2  7  28  8  56  60  9  33  74  35  77  34  96  62  71  70  0  38  73  90  15  57  23  21  37  32  30  78  93  30  30  34  45  2  76  6  53  83  68  92  40  50  32  25  39  42  49  76  20  56  8  51  22  34  26  27  86  36  78  21  86  14  89  96  49  15  58  46  24  10  25  11  50  88  
51  41  37  66  33  27  15  65  19  39  96  90  40  89  14  19  68  23  34  76  36  12  47  47  37  6  22  24  21  54  84  89  36  67  34  57  22  56  39  95  58  5  93  16  3  97  28  14  4  73  12  80  55  3  32  44  29  69  89  8  12  63  31  85  25  11  18  93  3  78  41  10  51  49  57  43  65  
45  19  50  60  73  4  38  81  8  28  100  41  17  25  66  59  54  64  82  99  57  13  42  50  94  21  72  22  72  10  61  84  23  73  73  65  32  64  85  11  45  39  82  47  5  88  24  55  29  19  68  26  55  83  16  56  93  96  71  25  54  27  56  70  71  38  61  0  17  97  60  67  55  85  97  63  81  
43  84  89  78  89  47  44  83  51  80  70  44  71  34  68  51  69  64  0  76  38  48  73  84  10  71  85  11  5  80  75  10  8  90  7  64  82  7  61  87  25  32  3  56  78  81  38  53  34  82  31  60  25  34  41  93  20  8  92  26  10  64  72  81  44  49  9  28  56  99  37  55  19  96  59  21  61  
40  69  69  11  78  32  54  98  99  10  41  49  100  77  74  100  29  12  82  50  58  70  73  41  85  24  71  52  1  11  77  23  57  94  66  23  56  61  33  58  23  15  29  56  68  46  0  54  94  1  76  72  78  47  47  38  74  86  87  32  90  98  43  19  51  89  35  78  97  70  63  42  45  98  51  64  32  
1  52  71  47  14  78  30  65  22  15  8  77  84  40  49  54  57  29  15  13  71  56  61  82  1  93  1  59  65  32  40  1  37  71  91  79  60  80  58  83  37  11  16  14  7  19  58  2  91  79  76  32  53  35  72  89  28  48  81  68  70  4  58  65  59  55  62  38  32  81  65  87  1  97  35  27  76  
59  95  46  81  86  51  29  100  27  32  38  61  42  47  21  97  54  31  87  9  27  40  93  48  16  50  96  24  27  23  4  42  69  67  33  98  45  77  59  8  6  77  73  80  100  67  13  56  58  94  77  60  96  99  0  90  53  29  17  78  68  80  32  13  87  74  55  74  14  42  59  78  2  92  97  60  86  
16  26  41  86  8  14  3  64  14  83  49  4  77  33  39  90  69  72  8  75  48  74  63  71  92  12  41  41  49  25  59  17  48  53  2  35  42  31  45  21  36  36  53  40  36  90  20  35  28  64  57  97  52  13  71  80  45  83  92  42  24  35  21  19  11  69  65  66  82  41  82  79  76  40  72  54  29  
85  61  58  61  87  61  37  3  2  49  39  79  69  64  58  11  86  63  26  98  88  72  47  43  3  39  33  18  52  81  98  39  52  54  72  67  54  28  33  42  83  9  93  48  52  67  64  30  58  72  12  43  49  52  61  45  73  95  52  52  47  27  64  12  13  37  78  57  51  91  48  29  1  11  77  54  2  
69  26  93  7  73  43  93  30  39  75  71  7  90  69  35  80  82  18  36  47  96  45  33  71  48  31  3  56  69  7  28  34  70  74  83  61  86  42  48  95  100  97  34  40  92  33  61  7  19  50  59  82  68  82  3  46  4  26  12  80  24  99  80  59  27  20  54  30  5  72  9  85  98  12  53  97  56  
78  72  14  22  0  85  80  70  38  81  71  54  50  29  100  13  61  98  74  79  28  13  86  37  21  31  12  67  9  1  86  93  13  37  75  90  94  80  3  56  61  33  0  48  74  46  70  19  77  97  28  3  45  29  9  97  28  89  42  98  34  36  0  63  60  14  22  85  51  9  43  73  92  92  42  76  74  
51  30  44  86  87  85  80  80  16  40  64  9  42  51  5  65  55  36  30  33  28  58  22  85  21  50  53  47  63  31  16  75  93  66  70  60  21  85  85  35  8  7  67  64  93  100  70  77  15  10  71  50  52  79  65  34  11  86  4  81  21  43  14  68  46  18  51  88  26  6  78  33  13  86  73  84  45  
94  62  76  83  75  81  32  45  79  89  17  97  10  6  69  78  72  75  5  34  29  6  27  8  13  42  79  45  78  80  100  56  65  20  66  73  94  75  27  88  51  67  82  74  1  44  0  83  12  95  67  84  84  5  15  4  1  65  14  64  82  55  48  17  26  58  88  89  90  24  43  2  59  58  2  71  43  
91  37  34  39  83  97  1  78  89  0  33  29  14  24  69  73  93  35  39  63  53  15  5  98  95  56  38  82  83  61  76  87  61  67  99  1  86  63  15  63  35  67  97  69  54  68  18  77  89  99  100  73  13  23  29  2  12  17  2  94  60  26  38  48  67  51  58  63  47  34  83  70  15  40  73  24  54  
3  68  21  93  43  6  66  55  65  82  73  0  61  33  69  8  18  86  39  77  17  61  44  58  55  24  46  27  9  70  18  22  29  7  24  18  35  63  58  30  99  86  46  24  18  83  9  79  9  47  98  58  24  9  63  19  17  35  72  29  38  12  56  25  62  28  3  51  86  6  42  86  5  3  17  12  10  
99  73  63  32  36  28  72  42  4  7  78  8  70  66  59  22  65  60  57  7  66  77  9  39  43  55  34  89  9  28  11  55  2  53  24  74  10  16  7  70  79  43  99  47  24  31  82  83  35  42  10  85  42  61  66  22  13  78  82  9  14  83  8  50  16  64  51  89  19  58  13  54  75  13  60  14  49  
10  68  84  53  69  54  39  91  30  67  55  54  68  66  2  11  7  7  86  88  80  71  42  72  27  86  46  0  17  0  90  73  48  68  97  47  33  56  54  68  30  40  83  20  31  9  80  96  47  60  91  16  35  36  76  91  71  56  21  37  64  90  8  42  16  73  92  9  55  84  39  20  77  95  12  99  2  
56  82  24  27  78  2  61  34  73  67  98  61  19  47  45  24  96  47  4  74  86  45  1  95  95  58  52  32  70  28  63  47  49  16  21  98  77  96  36  55  36  55  59  41  22  78  79  38  27  6  63  99  59  73  77  95  82  100  24  24  41  74  22  89  62  32  62  1  24  73  17  69  65  91  32  23  17  
60  54  93  58  87  82  32  97  60  72  63  84  65  8  84  27  4  96  10  62  8  27  40  55  7  76  51  11  87  77  34  90  75  18  12  16  32  15  83  25  19  46  9  84  27  2  87  88  46  10  2  84  91  84  98  14  29  46  34  71  46  21  80  42  69  36  61  1  50  53  34  63  3  48  89  28  36  
3  88  38  48  67  19  67  31  75  0  87  4  61  89  18  18  57  27  46  9  15  93  43  24  56  40  85  53  34  35  14  77  22  39  68  12  8  4  88  49  79  14  34  44  48  97  39  40  47  86  81  5  68  99  3  99  97  53  94  50  6  96  100  16  95  99  24  58  69  3  58  49  82  56  26  22  100  
2  28  29  41  72  86  62  94  26  37  79  67  11  64  7  44  73  1  73  84  69  73  54  83  11  95  79  2  52  22  71  26  65  64  49  31  23  98  0  96  30  47  19  37  36  3  36  43  4  75  0  96  73  59  54  69  82  15  29  5  2  64  21  86  68  98  47  24  10  54  76  6  26  23  12  25  72  
80  87  58  3  10  38  45  93  81  20  98  70  12  94  55  20  89  70  61  68  63  82  8  65  86  84  58  91  4  100  48  34  66  23  27  69  36  47  36  23  35  82  65  47  25  28  51  4  30  76  21  5  2  36  91  46  43  30  16  59  68  98  59  2  83  38  1  46  59  57  1  62  19  78  70  96  55  
58  46  30  53  97  36  88  44  67  82  91  14  70  65  26  40  54  40  78  77  90  95  48  27  26  88  85  48  43  51  15  64  12  10  11  88  42  11  24  80  89  58  19  2  29  3  79  80  3  58  6  24  76  31  81  20  48  3  57  92  24  50  58  32  64  0  42  96  50  20  76  27  33  9  45  100  86  
61  100  25  94  62  40  36  42  92  7  47  94  46  34  2  6  14  77  4  94  33  78  59  98  89  23  21  80  0  7  7  8  19  84  84  59  22  39  20  33  90  7  48  87  14  68  71  74  63  1  35  44  40  3  48  78  21  7  90  26  89  41  76  37  63  52  41  37  41  77  40  8  63  3  76  94  11  
94  13  28  48  53  50  23  82  55  53  30  39  60  72  69  59  10  73  67  49  27  36  22  100  56  33  98  97  59  28  51  98  95  55  59  34  34  95  49  86  45  18  14  90  75  55  25  13  74  6  49  45  27  23  63  84  67  68  37  49  19  41  59  4  32  28  71  55  67  54  97  71  83  43  3  88  27  
46  71  91  79  66  85  59  30  97  97  89  95  71  44  34  79  9  80  76  11  81  95  35  4  74  45  77  84  5  8  26  30  85  58  8  35  20  75  29  5  17  66  81  33  50  9  8  42  83  93  83  45  31  99  67  88  59  15  79  48  74  8  14  1  26  5  87  25  63  85  36  47  21  5  29  47  3  
88  87  61  70  3  27  37  33  77  57  89  64  9  63  45  46  2  58  36  85  94  78  61  35  85  94  29  32  65  65  81  98  27  5  10  11  22  43  14  64  81  81  5  86  98  51  51  8  2  11  64  5  66  98  25  28  79  31  46  85  75  25  25  98  33  0  76  50  68  74  66  38  57  75  89  46  7  
90  61  42  75  71  73  25  43  71  31  99  51  89  33  11  8  18  18  62  78  32  93  5  34  40  9  90  23  11  18  28  63  77  4  97  66  5  55  34  27  53  69  5  54  21  61  65  45  3  88  94  20  40  91  22  68  84  14  69  36  33  32  92  73  39  62  34  15  6  68  23  52  5  63  1  26  13  
38  63  25  44  19  77  52  54  7  68  99  74  89  17  64  2  50  30  35  9  48  37  49  43  59  46  12  40  0  4  60  32  75  0  29  44  8  12  2  62  24  45  62  53  55  11  44  41  14  75  31  17  44  4  45  91  56  98  65  75  68  29  97  60  49  78  94  69  74  33  26  27  59  59  37  64  29  
29  56  95  18  94  50  26  40  24  97  87  13  7  90  37  91  2  77  97  91  55  73  23  82  21  21  9  41  46  30  95  40  45  37  88  54  51  88  36  71  25  84  54  92  59  6  55  44  5  11  92  62  79  65  63  21  2  32  4  23  63  23  54  86  6  92  65  14  18  46  47  88  100  55  88  17  30  
32  25  50  51  49  76  35  91  90  52  33  51  87  56  97  44  53  54  74  82  25  76  43  29  20  96  36  72  38  44  68  53  66  0  67  57  81  86  80  93  25  10  85  68  70  71  1  51  16  9  17  20  17  66  92  30  7  47  50  94  49  51  96  32  35  13  31  58  37  53  35  56  28  95  65  46  17  

24  100  51  7  87  58  0  52  40  22  72  22  43  65  91  67  2  78  40  16  97  39  81  93  9  60  35  81  78  73  92  28  63  70  26  49  32  20  69  0  20  73  55  2  77  33  16  36  0  77  77  7  100  10  57  46  96  98  26  62  82  3  3  39  69  23  33  19  41  41  27  95  3  46  4  63  9  
8  44  65  11  32  5  45  66  28  38  86  33  51  98  93  38  97  12  65  22  69  93  87  38  8  81  28  59  11  5  22  52  43  99  83  22  30  42  21  81  58  14  4  72  92  10  59  34  50  16  13  52  84  18  66  97  74  71  6  57  70  80  17  24  57  13  83  54  13  57  83  24  47  99  63  86  82  
100  81  87  95  3  11  100  54  91  100  9  55  98  37  20  59  20  17  62  75  20  0  68  12  54  0  79  97  32  17  15  45  56  68  95  84  25  31  89  63  84  60  48  23  27  43  45  47  39  4  35  83  59  55  42  56  71  53  35  80  93  60  87  34  4  32  23  44  83  51  7  46  89  72  53  23  38  
81  96  53  86  47  24  98  79  39  0  49  40  24  80  94  26  45  0  70  84  91  100  14  89  94  29  97  97  28  28  1  6  61  73  28  2  35  22  82  76  49  39  44  25  24  7  30  50  79  56  59  73  43  80  86  43  10  67  74  51  66  58  37  84  88  20  15  51  5  6  5  84  13  51  66  81  4  
18  72  78  15  45  3  79  99  48  6  77  0  11  28  55  16  32  70  23  78  8  1  22  73  44  99  61  1  16  98  57  95  63  0  67  21  79  46  13  0  42  65  65  2  62  88  12  63  38  28  91  71  16  72  66  57  97  40  42  60  38  87  60  54  92  0  1  29  6  48  2  24  31  2  31  9  59  
79  0  67  19  76  64  63  24  82  67  24  65  69  49  67  67  68  76  44  49  23  35  60  34  11  13  14  7  94  85  25  16  51  94  39  97  28  39  60  83  93  74  44  49  70  58  15  82  36  48  57  62  11  64  47  23  33  58  42  47  10  47  29  4  91  78  96  73  94  86  11  36  55  19  19  37  47  
4  17  41  78  61  16  99  51  6  97  100  65  15  29  96  18  98  43  82  47  21  14  14  66  88  61  1  58  20  10  84  48  89  63  56  24  96  88  50  59  73  69  27  91  18  93  95  23  3  44  33  80  45  69  12  95  6  25  38  48  41  79  10  83  79  97  17  77  13  56  69  88  2  84  7  86  41  
3  53  11  72  77  46  97  65  83  53  49  19  91  87  30  73  62  57  93  57  89  52  52  42  99  73  11  82  88  54  98  40  15  74  98  3  23  62  9  62  22  35  55  45  39  81  32  22  71  25  35  56  13  57  37  59  6  18  53  85  26  72  64  0  82  88  40  38  51  39  83  37  82  63  74  5  60  
85  19  48  33  20  51  2  47  32  1  12  26  74  69  54  72  90  57  54  11  32  44  36  42  83  0  12  74  38  29  69  32  60  30  8  65  5  89  92  45  54  53  42  5  11  92  45  42  28  46  23  2  30  66  67  68  82  71  72  65  41  15  30  93  73  72  11  12  90  63  35  11  86  93  19  59  21  
8  98  42  26  12  92  31  64  56  8  31  41  0  73  3  98  77  10  22  23  97  89  23  70  44  71  93  26  63  46  7  80  14  21  16  22  5  30  44  91  55  73  36  43  42  92  41  66  84  100  60  28  87  9  64  15  72  63  3  76  34  55  8  89  26  18  38  26  38  9  85  72  58  72  62  64  55  
74  8  90  98  20  64  53  42  91  31  80  19  26  31  98  36  25  30  46  29  35  84  49  31  56  87  93  64  30  29  53  42  93  49  20  23  100  32  98  10  34  97  39  88  68  46  69  98  42  24  98  27  83  27  8  7  64  37  41  36  8  66  27  0  65  46  63  19  64  70  83  93  77  1  35  89  95  
76  58  64  1  65  28  53  25  86  92  37  30  91  29  51  13  90  0  58  18  92  17  73  100  64  97  66  28  4  22  77  87  94  94  14  61  22  92  89  58  17  81  61  38  43  27  37  70  39  74  54  96  68  0  65  5  93  20  99  82  42  60  97  43  19  83  78  80  51  97  86  73  88  11  97  18  27  
16  32  60  75  100  41  43  32  38  37  96  88  18  8  49  53  61  64  21  44  39  97  83  93  98  25  45  97  13  47  70  15  89  82  77  3  49  79  53  89  8  10  51  76  43  14  31  56  37  94  80  56  1  8  99  90  53  58  55  44  78  84  15  28  71  12  17  29  86  89  65  73  58  74  69  19  0  
48  98  33  17  46  86  22  80  6  48  33  83  51  97  34  32  5  67  31  3  78  19  31  19  68  65  75  79  25  7  69  12  73  56  84  89  82  53  0  33  74  94  62  33  63  39  55  49  26  71  56  30  53  94  2  62  19  18  64  2  15  65  77  46  86  28  81  71  31  23  10  45  2  75  11  86  70  
84  18  26  68  71  12  74  52  97  58  85  63  2  33  60  79  84  24  23  89  19  10  45  73  62  27  36  81  36  72  8  21  29  34  14  81  78  8  31  39  89  62  15  48  72  18  85  91  85  92  3  51  86  12  18  53  67  75  23  74  53  80  46  60  83  70  14  58  33  56  77  70  23  4  20  76  16  
6  19  98  22  19  38  87  62  84  48  16  20  13  78  66  48  29  35  20  57  77  86  12  48  46  61  72  23  4  25  0  97  75  48  51  50  4  87  10  68  89  59  13  51  96  74  87  72  42  23  67  34  38  25  45  82  98  51  71  27  5  50  99  48  45  26  49  50  63  76  25  25  38  67  87  47  32  
61  87  16  32  55  49  90  9  74  31  26  50  77  37  33  80  2  80  100  27  86  4  13  4  37  82  86  29  30  79  38  16  62  92  81  56  0  4  19  90  88  53  46  70  98  55  40  10  83  24  60  87  81  39  71  75  82  26  41  59  46  30  17  9  1  87  21  97  25  76  37  82  70  23  44  67  32  
50  41  54  21  43  25  90  70  85  28  62  8  59  51  8  64  20  62  37  68  83  88  29  89  27  61  36  91  68  65  40  33  79  44  55  25  14  82  38  86  62  88  60  74  6  81  23  0  39  3  75  7  96  45  19  62  95  53  18  69  16  80  67  18  17  43  87  37  51  16  70  17  94  11  36  80  75  
85  25  98  87  75  50  100  69  72  100  45  50  24  56  62  59  48  90  49  74  6  23  48  90  10  94  71  16  7  43  26  52  84  13  91  20  21  20  40  79  0  91  87  59  76  55  31  29  60  82  98  43  78  69  39  32  8  5  75  9  29  67  59  59  49  62  79  38  84  51  78  61  9  11  64  30  98  
95  2  56  66  33  73  9  83  87  90  66  40  49  71  60  58  90  59  52  41  72  22  56  28  86  74  63  45  71  7  93  65  52  33  56  5  10  27  84  14  56  58  36  33  26  34  63  55  76  91  10  31  73  77  30  81  59  45  50  41  89  67  4  42  74  100  97  35  41  24  66  22  29  80  47  84  28  
41  24  36  87  81  13  18  5  13  34  81  51  40  82  53  20  78  65  97  100  61  33  13  17  98  40  50  96  8  27  54  100  15  26  18  11  63  27  95  48  88  46  38  95  33  10  42  98  20  94  20  29  20  100  92  48  88  80  49  5  76  30  18  62  68  38  32  78  33  37  71  12  64  37  42  76  95  
42  6  15  68  89  71  97  23  62  34  8  47  65  80  61  1  20  50  95  64  16  88  89  27  37  89  92  94  84  3  99  38  1  81  79  36  86  65  13  56  94  37  46  79  27  58  17  3  29  96  18  78  4  33  36  81  11  83  76  66  67  40  66  70  64  23  59  29  24  66  94  26  74  48  6  1  85  
94  51  57  92  69  37  53  46  5  98  40  57  63  92  60  30  78  31  16  19  25  14  12  98  16  38  31  10  30  17  20  76  74  40  43  7  90  49  12  48  81  18  39  14  35  85  13  94  100  4  80  6  10  67  22  86  62  63  7  33  15  87  76  11  72  52  43  42  77  85  55  30  11  28  21  20  12  
7  72  40  61  0  14  20  13  27  62  59  48  31  97  71  46  84  8  39  36  41  10  89  71  98  18  17  35  75  82  53  50  57  64  32  87  29  18  39  9  5  81  74  83  97  23  47  6  60  26  21  83  96  96  76  54  7  0  51  56  71  29  64  26  29  67  41  1  77  53  80  5  77  60  41  54  44  
100  57  74  52  88  67  23  53  3  26  1  22  4  56  60  75  54  41  89  73  35  38  93  13  84  6  40  88  76  15  14  29  67  52  78  0  12  98  44  83  20  27  51  66  76  56  93  20  94  9  98  93  32  83  86  87  63  85  100  51  9  74  87  49  16  74  15  50  20  94  60  1  47  61  88  38  3  
75  79  31  41  99  53  16  57  23  29  16  92  36  67  24  73  20  90  76  4  29  80  50  17  87  70  76  36  84  71  82  54  52  31  0  48  62  41  93  28  85  9  55  49  5  11  26  4  75  27  86  68  49  1  10  32  36  19  38  37  71  33  17  8  37  49  14  6  14  81  39  16  98  36  4  68  54  
20  31  42  75  30  87  81  24  22  48  73  97  28  33  85  16  78  81  73  35  71  28  33  85  97  89  0  63  19  81  81  73  15  78  15  16  59  5  72  34  72  85  26  26  42  82  60  87  51  80  53  37  5  8  75  57  24  86  9  54  17  64  21  55  84  20  94  84  38  78  84  84  22  52  90  7  32  
62  10  66  49  40  6  3  47  46  8  39  42  83  33  26  12  13  45  17  75  81  65  33  70  87  83  23  2  72  72  95  36  6  0  100  98  4  88  21  15  24  82  8  68  75  18  82  82  19  80  98  57  47  46  43  1  79  78  83  27  1  62  71  37  77  83  9  84  65  39  36  0  78  88  61  42  94  
54  75  29  39  52  24  90  87  82  76  58  85  23  55  86  28  68  98  27  47  52  49  43  31  78  19  13  65  14  46  18  72  15  42  69  37  60  93  100  96  81  88  78  63  11  19  60  55  43  32  15  43  79  69  69  45  13  43  4  54  72  19  93  20  55  64  70  33  47  41  23  40  44  50  67  27  90  
79  81  64  19  2  77  39  12  88  38  51  67  12  66  8  44  0  79  33  96  88  4  34  47  1  75  46  59  57  31  65  14  52  12  60  4  44  17  30  75  27  44  96  68  16  17  0  31  69  25  89  64  27  25  62  64  72  43  62  42  37  37  59  2  64  64  12  45  21  6  71  79  76  53  40  52  38  
0  18  4  19  30  69  42  5  95  15  63  96  87  29  19  61  41  85  80  26  62  12  67  50  89  33  80  75  40  75  97  46  68  47  54  41  32  28  79  100  69  34  63  20  23  68  38  65  40  28  15  2  69  57  54  90  98  55  15  88  67  66  29  23  62  21  73  61  30  96  0  58  86  0  28  57  91  
85  76  62  98  37  99  34  79  92  90  6  71  14  11  96  75  28  64  23  28  75  21  82  96  40  82  22  0  86  97  94  3  48  56  30  98  24  16  45  38  40  44  26  3  66  21  35  82  16  86  44  10  45  75  40  58  59  36  25  5  11  77  78  58  10  77  6  0  20  84  55  15  83  0  11  30  27  
4  16  20  60  51  68  32  88  93  87  15  22  87  93  80  99  51  27  16  22  34  97  13  72  38  74  14  83  29  45  7  94  19  58  97  52  8  51  92  78  27  46  85  31  95  66  83  80  38  99  92  0  46  14  81  8  91  82  43  5  72  100  44  53  17  100  52  39  22  33  37  30  86  97  56  88  89  
16  30  58  90  36  21  58  72  60  84  83  67  66  31  61  50  67  5  67  66  43  14  85  57  76  6  67  24  38  18  1  37  62  79  17  97  15  13  91  54  65  73  23  50  68  2  80  100  63  13  92  11  10  11  83  34  65  6  29  44  87  98  99  58  49  98  22  92  46  55  52  12  19  9  58  58  58  
30  33  14  76  99  64  40  75  38  24  92  42  15  78  54  41  58  79  36  71  82  57  63  25  56  8  100  44  14  100  31  88  34  4  32  7  61  83  99  56  20  90  66  91  59  3  26  78  50  11  78  47  46  80  55  95  78  4  20  54  43  17  5  67  44  58  65  58  4  1  78  23  64  32  67  55  65  
83  80  82  63  24  19  47  95  76  9  95  22  13  77  87  52  23  82  17  50  86  10  89  42  88  98  61  85  75  10  49  5  22  33  42  63  30  63  58  12  30  28  67  70  75  76  47  89  52  10  18  24  59  94  38  50  84  86  66  80  40  69  40  93  76  86  56  2  53  95  74  88  97  73  60  83  37  
99  86  37  39  93  57  11  54  16  99  13  10  24  88  59  90  18  45  24  76  84  11  58  17  29  78  91  39  27  69  34  35  73  40  86  64  10  46  42  29  72  19  53  45  2  64  34  56  55  38  53  70  69  61  37  73  29  75  90  5  19  28  93  55  91  25  63  97  72  62  69  51  12  13  32  61  66  
87  40  37  28  32  96  97  19  90  46  53  95  7  67  89  15  80  21  95  41  59  91  41  43  92  24  24  72  42  28  33  16  6  53  42  43  0  56  50  74  15  17  89  79  32  48  95  40  94  43  92  1  61  15  37  76  47  9  6  1  8  36  12  90  21  44  98  63  37  68  28  94  35  29  21  16  42  
62  43  66  45  90  100  48  84  57  23  85  39  61  18  2  3  1  46  29  10  47  56  16  98  17  37  81  82  71  83  8  7  25  30  94  57  14  93  28  3  40  71  83  37  76  43  58  41  75  94  88  44  96  93  40  48  66  16  74  41  90  46  36  14  47  9  32  24  45  72  71  89  34  88  11  57  57  
79  65  31  21  75  34  71  94  17  77  6  34  26  75  45  28  68  34  2  54  31  26  98  72  6  19  41  45  53  58  78  70  72  9  6  62  87  14  20  32  8  75  27  21  59  42  18  8  85  35  23  55  38  27  6  33  82  70  57  35  1  38  87  18  16  65  92  81  99  30  95  14  83  13  77  57  14  
89  32  46  100  33  13  36  84  28  31  9  25  74  87  23  75  72  80  53  66  41  16  68  48  39  100  68  10  57  54  37  89  34  5  39  44  21  56  5  24  89  53  0  7  60  57  75  45  10  6  65  86  35  21  12  4  60  64  61  38  46  21  77  43  87  84  13  69  17  27  40  13  7  49  80  25  45  
100  84  89  81  14  66  89  42  98  58  60  53  93  27  95  56  36  80  73  53  24  62  39  51  51  88  60  44  26  26  82  56  67  3  34  12  91  92  14  15  21  89  94  55  26  42  40  16  1  3  5  31  9  11  81  59  98  12  74  86  82  92  37  21  44  12  42  70  66  46  36  59  64  6  75  40  54  
49  61  69  17  63  68  21  99  39  96  18  77  50  22  20  37  8  36  43  48  24  46  11  8  31  83  71  41  10  33  17  66  61  49  20  84  86  26  90  5  37  88  4  44  83  62  7  85  45  92  6  45  72  32  71  68  86  20  11  4  92  5  40  38  61  46  0  15  21  97  81  20  33  18  39  91  45  
53  53  80  37  67  58  3  13  7  5  73  69  31  52  97  38  78  20  50  3  33  2  66  32  59  13  12  96  50  91  17  69  6  5  27  91  63  66  96  44  5  28  68  56  6  7  97  63  61  56  38  90  82  3  94  89  29  53  67  5  37  67  94  46  73  20  84  39  8  1  97  74  79  48  99  29  56  
50  34  46  19  30  43  91  1  47  50  45  87  41  26  57  47  76  64  88  22  54  58  47  21  2  54  71  40  0  93  79  88  7  74  16  6  67  46  88  39  43  79  20  49  9  26  16  84  64  97  64  99  35  40  51  77  78  82  20  22  6  49  53  27  74  91  51  52  23  55  32  51  45  41  15  77  70  
23  30  14  17  22  98  23  64  16  54  91  68  85  18  85  94  82  100  27  84  78  47  52  61  40  89  22  72  23  7  58  14  21  92  1  49  65  97  83  81  4  0  82  54  15  29  71  57  42  4  67  51  43  65  18  63  69  68  48  32  71  42  8  42  8  89  47  38  12  9  18  78  87  16  93  36  86  
97  72  75  90  26  61  35  67  80  71  82  89  44  23  79  96  58  24  12  34  56  95  0  34  94  51  18  26  58  89  31  76  71  73  74  8  12  85  33  79  6  66  36  3  87  65  2  75  86  91  21  24  41  11  85  62  11  31  15  35  17  83  100  84  5  40  10  32  59  84  24  66  93  6  93  26  77  
76  28  36  76  34  43  66  83  64  36  70  25  56  29  80  24  19  19  37  65  43  9  38  91  2  37  3  47  87  28  1  20  73  31  85  3  96  53  99  47  37  2  92  86  98  42  80  63  89  40  64  19  83  75  35  91  64  1  64  50  0  34  74  98  21  17  78  87  80  21  60  6  23  66  54  51  69  
0  60  57  16  56  77  81  100  55  13  16  46  84  43  74  49  43  64  11  78  13  12  53  58  16  85  37  89  29  26  36  79  63  17  95  80  59  64  97  41  19  51  30  52  10  0  6  48  21  72  33  38  58  21  100  24  2  16  31  33  58  9  5  4  89  80  55  61  31  2  77  40  7  39  99  21  62  
57  70  99  59  59  23  29  84  9  49  29  1  90  35  38  88  1  77  98  97  32  94  73  100  49  19  22  45  7  81  75  25  92  100  33  50  71  6  1  81  81  40  6  38  17  24  34  55  5  70  37  42  21  38  82  41  16  83  25  30  15  95  21  99  31  87  32  6  88  50  16  13  95  40  73  45  47  
19  5  26  53  23  35  19  39  12  72  1  50  1  76  77  50  7  64  38  84  76  23  62  35  52  84  51  94  63  96  90  11  69  54  50  30  7  4  68  28  99  73  71  60  43  89  82  95  78  91  67  60  46  28  58  26  16  39  33  26  10  43  15  11  47  100  65  83  56  18  14  37  98  95  60  96  81  
62  28  31  46  46  98  60  11  86  59  49  52  52  11  15  83  12  11  100  32  68  77  25  41  81  8  50  12  9  6  3  54  26  92  49  9  84  3  43  40  21  93  76  1  91  68  91  62  3  32  42  36  23  52  11  45  27  84  48  77  100  18  52  9  6  62  41  46  48  70  2  88  42  3  72  86  78  
31  80  0  64  47  65  74  42  23  67  66  2  6  3  92  25  15  8  97  12  57  0  86  13  47  98  78  80  92  62  19  33  44  77  76  76  98  48  69  96  9  39  5  46  9  69  69  40  81  54  71  55  81  53  82  32  100  86  65  92  79  5  14  25  29  12  72  61  11  1  38  75  48  10  51  50  31  
39  8  18  25  66  26  2  74  91  73  11  84  66  69  20  15  97  0  66  24  90  20  42  23  25  51  99  74  0  52  32  48  9  76  9  74  44  7  16  10  72  24  4  72  79  36  5  38  27  75  38  6  80  56  26  76  91  95  81  66  76  47  39  29  24  17  35  44  1  93  36  45  13  90  29  19  19  
52  78  60  68  19  46  4  62  87  66  23  2  29  2  14  11  37  70  42  39  37  19  52  60  94  65  1  71  90  12  11  99  4  65  41  8  100  18  30  12  71  35  43  18  76  34  73  99  49  16  15  5  75  63  8  33  12  14  77  16  67  60  76  92  45  36  97  46  11  86  91  21  16  61  7  36  91  
26  62  95  31  89  88  1  29  81  91  19  92  58  83  61  20  10  65  17  20  73  56  73  18  31  98  58  100  50  31  44  36  71  29  92  72  43  24  59  69  38  80  49  1  48  17  6  46  63  11  91  98  46  36  23  89  19  60  56  89  73  40  72  75  46  94  57  78  7  81  83  55  4  27  3  67  32  
62  34  60  10  100  24  61  26  86  40  45  100  95  95  78  2  72  69  64  89  60  82  70  0  4  36  30  5  31  28  19  11  74  12  68  24  65  45  89  64  66  58  37  37  64  27  70  22  44  82  60  92  5  17  28  65  71  81  1  87  7  40  41  74  29  13  81  29  33  5  22  11  97  18  39  52  59  
5  23  89  14  21  34  70  9  15  8  80  64  38  5  87  16  16  66  94  67  88  68  28  47  39  28  46  13  83  70  14  46  20  78  15  70  78  4  45  73  46  61  10  47  53  47  19  32  46  80  55  93  58  79  67  17  93  21  0  59  7  0  30  42  74  81  95  79  7  76  52  55  46  7  77  86  35  
61  36  36  21  36  22  66  54  28  11  35  93  2  54  25  67  41  90  31  15  90  20  61  60  76  97  32  34  73  66  85  49  48  58  30  33  92  85  41  19  12  10  83  12  86  23  13  65  92  21  100  23  90  94  100  85  0  22  85  3  18  6  54  8  49  17  19  55  75  5  73  31  91  72  10  25  50  
6  48  88  99  5  64  1  69  99  44  2  46  42  36  3  59  13  3  100  6  32  25  60  25  66  30  60  14  90  55  40  25  17  48  70  58  97  63  19  58  77  30  51  18  49  67  65  84  26  48  32  33  55  77  63  56  8  68  60  47  32  48  31  69  8  7  47  84  99  55  49  87  59  56  61  97  80  
15  51  88  4  55  23  56  37  98  10  58  77  16  11  78  97  73  38  62  81  10  7  93  65  3  64  69  7  21  8  28  54  67  23  17  96  47  16  85  10  53  56  24  70  69  67  55  25  35  61  13  81  86  44  11  71  51  18  15  22  8  93  75  41  63  15  45  11  70  18  78  86  2  1  35  26  87  
99  85  33  63  74  22  93  25  76  70  46  91  56  61  54  16  88  56  96  21  53  23  91  99  82  100  74  70  88  8  28  42  67  21  90  28  5  97  55  10  9  21  76  60  53  73  98  8  100  76  87  89  13  69  64  66  0  54  96  41  52  34  65  25  34  48  58  78  13  34  13  86  18  31  65  64  20  
99  28  35  28  87  62  20  96  95  38  36  79  34  60  47  67  51  18  11  0  46  69  87  79  72  27  5  57  70  38  37  60  66  64  46  2  1  58  57  41  20  37  70  45  20  57  6  95  73  81  75  74  49  81  29  61  49  31  84  27  57  23  25  58  61  15  95  26  33  53  37  40  82  100  60  89  48  
71  15  66  59  41  75  16  82  38  33  92  9  82  58  30  11  2  12  97  22  16  43  25  31  43  91  21  85  84  66  19  73  39  37  69  71  73  82  19  97  1  29  18  75  50  14  45  10  71  96  30  72  48  96  15  53  33  41  68  58  60  30  63  55  76  57  51  71  14  15  81  5  30  58  59  68  18  
26  31  12  22  5  26  83  35  94  26  32  14  41  39  94  73  61  70  93  81  54  90  1  81  0  65  77  68  88  15  66  90  27  87  38  29  15  74  79  95  19  12  52  25  32  0  57  35  88  11  51  56  5  8  79  25  31  61  7  9  47  0  90  71  7  85  24  89  7  35  35  71  13  17  22  30  60  
42  48  85  68  55  6  8  51  64  40  2  26  0  0  35  50  71  77  94  47  98  73  22  36  46  92  63  53  48  84  36  11  20  59  14  55  78  78  57  53  89  11  56  62  93  92  60  95  45  75  35  16  82  28  72  59  6  17  79  74  55  77  16  35  53  22  57  89  95  100  72  97  72  9  81  41  6  
60  20  32  79  77  86  29  49  16  77  85  72  15  79  73  1  45  7  28  7  85  44  64  18  13  40  85  47  1  66  3  80  87  86  45  18  67  98  74  31  91  28  42  6  81  20  6  25  45  83  27  2  12  95  4  43  91  95  27  57  23  78  78  38  9  41  72  58  100  87  94  22  54  72  84  49  37  
67  43  27  69  63  84  63  50  62  15  63  25  60  90  2  54  24  14  74  72  4  23  60  42  84  77  89  30  74  99  75  50  92  76  31  67  27  68  2  91  15  65  12  10  72  14  32  24  64  55  25  38  100  14  42  41  72  1  81  96  77  31  91  60  93  28  91  56  12  71  26  71  9  27  100  99  6  
62  99  1  87  54  85  79  64  72  90  31  93  97  52  22  85  71  11  92  48  34  60  74  81  29  56  25  24  8  75  57  95  88  7  66  33  3  32  3  16  45  10  1  9  95  60  1  34  90  45  41  39  44  67  42  79  79  67  11  24  67  50  14  33  25  50  35  10  58  87  52  25  79  10  21  88  50  
70  7  74  86  91  18  22  43  8  21  23  60  51  74  25  16  0  50  61  75  70  34  23  35  35  65  56  93  33  88  86  54  22  36  32  62  22  20  9  56  18  90  11  79  86  65  31  52  39  66  33  69  42  42  17  94  78  62  64  26  58  66  22  54  75  57  97  12  56  59  33  83  49  21  70  31  70  
49  48  75  63  2  69  83  97  45  26  80  64  59  99  66  40  89  51  8  100  37  26  86  0  84  30  90  43  14  67  20  43  97  36  11  59  1  3  20  44  67  16  4  30  77  42  4  28  70  95  40  14  35  63  88  71  71  60  66  59  66  29  36  94  71  97  99  42  91  11  39  51  29  10  31  80  1  
54  45  16  88  42  2  63  34  29  98  22  18  30  35  68  7  3  40  13  54  62  23  65  3  82  85  28  49  22  47  23  55  88  52  28  39  31  65  9  98  92  68  37  59  5  0  44  44  71  52  84  79  19  55  86  97  40  7  92  18  18  22  60  73  23  7  55  33  46  18  29  62  59  10  19  15  50  
96  19  74  6  60  34  47  58  75  46  57  32  58  2  78  20  89  12  47  7  23  91  12  3  57  92  99  58  44  0  29  19  64  9  84  14  31  83  8  7  93  30  11  82  95  7  17  39  73  98  59  72  55  63  75  25  82  66  15  70  46  98  25  0  76  30  43  89  99  84  94  13  6  60  29  58  67  
92  76  18  54  4  15  83  77  6  41  86  32  42  42  48  71  26  77  78  80  82  58  17  71  60  72  0  67  45  16  3  12  17  33  95  59  97  100  42  10  95  94  48  82  92  83  71  63  18  50  100  74  18  39  33  39  88  63  13  84  68  66  84  14  28  94  54  59  6  82  41  1  67  28  76  28  12  
27  76  2  67  96  20  63  35  6  43  57  62  37  3  45  72  29  80  28  92  49  49  2  41  2  50  13  85  56  83  41  22  76  13  18  93  19  53  75  88  78  63  1  44  74  62  62  79  87  11  4  36  99  51  1  43  46  47  23  56  76  85  57  94  71  74  82  35  34  54  21  64  17  65  55  72  59  
66  93  62  63  47  14  85  24  96  71  26  43  35  54  83  40  22  10  40  87  13  41  92  23  23  1  10  100  14  76  41  56  63  0  70  71  14  43  13  71  38  95  61  78  44  86  9  59  94  12  50  71  21  24  6  66  1  86  29  56  55  47  60  99  77  18  67  39  58  6  23  6  72  15  36  51  9  
33  76  17  93  6  68  88  79  67  17  63  84  29  60  78  43  9  61  76  15  37  90  26  32  77  1  48  12  2  21  69  54  78  82  65  76  47  80  27  25  3  19  25  29  65  93  26  51  49  77  89  49  54  62  88  92  72  40  3  17  17  6  0  42  26  71  45  26  12  41  53  66  38  50  11  18  8  
